log
25253723    2021-03-25 04:07:05    0x200F002A0019    Event    Informational    --    None    The logout of the user (user name mm_user) from the source (127.0.0.1) succeeded.
N/A
25253722    2021-03-25 04:07:05    0x200F002A0019    Event    Informational    --    None    The logout of the user (user name mm_user) from the source (127.0.0.1) succeeded.
N/A
25253573    2021-03-25 04:01:01    0x200F002A0015    Event    Informational    --    None    The login of the user (user name mm_user) from the source (127.0.0.1) succeeded.
N/A
25253571    2021-03-25 04:01:00    0x200F002A0015    Event    Informational    --    None    The login of the user (user name mm_user) from the source (127.0.0.1) succeeded.
N/A
